二楼：
过刊阅览室1  155 260 27
过刊阅览室2 202 200 28
外文期刊阅览室1 1310 260 29
外文期刊阅览室2 960 200 30
办公区1 560 610 31
办公区2 155 535 32
中文报刊阅览室1 890 610 33
中文报刊阅览室2 1300 535 34
左休息厅 140 390 35
右休息厅 1335 400 36
二楼左1入口 515 430 37
二楼右1入口 950 440 38
二楼左2入口 130 335 39
二楼右2入口 1340 310 40
二楼左3入口 550 180 41
二楼右3入口 920 190 42
二楼左4入口 130 505 43
二楼右4入口 1340 510 44
展览厅 730 265 45
二楼左厕所 430 335 46
二楼右厕所 1040 335 47
二楼节点1 165 305 48
二楼节点2 530 305 49
二楼节点3 925 300 50
二楼节点4 1310 300 51
二楼节点5 620 680 52
二楼节点6 860 685 53
39 48
48 35
48 43
48 32
43 32
43 35
48 27
48 46
48 49
46 49
49 28
49 41
41 28
49 37
37 31
31 52
52 53
53 33
33 38
38 50
49 50
49 45
45 50
50 30
30 42
42 50
50 47
47 51
50 51
51 29
51 40
51 36
51 44
51 34
36 44
44 34
